500
329 467 1
357 329 2
90 329 10
374 357 3
254 374 10
55 254 6
229 254 10
238 229 9
24 229 8
203 238 2
186 203 8
214 186 10
5 203 5
109 186 2
326 109 7
252 5 5
215 326 10
39 215 10
449 39 3
191 39 10
341 39 2
2 191 9
73 341 4
240 191 6
108 341 2
491 2 6
334 108 1
94 108 2
435 94 6
28 334 5
444 435 2
377 444 9
65 377 3
100 435 10
111 100 10
196 100 9
25 100 8
27 65 10
99 196 10
206 111 6
263 99 9
76 206 7
424 76 4
212 99 9
302 212 1
416 424 9
401 76 3
300 416 9
89 416 8
35 300 9
147 416 3
389 416 4
104 147 7
205 104 3
290 35 9
34 35 6
406 389 5
168 205 8
279 389 9
413 205 2
106 290 10
346 205 2
496 406 10
176 496 5
382 406 6
141 279 7
197 106 10
472 382 8
142 472 10
43 382 4
123 197 8
145 197 7
398 145 9
114 197 5
442 398 3
148 398 5
415 442 1
462 145 5
323 442 9
157 442 1
362 462 4
321 148 6
379 398 5
396 362 3
356 323 8
150 362 3
127 362 10
218 356 3
119 157 8
399 150 10
380 356 1
429 119 4
405 321 2
67 356 1
264 67 3
193 150 7
445 193 4
286 193 7
4 218 3
428 193 8
74 286 6
80 399 10
390 445 10
244 286 8
425 4 2
338 4 3
311 74 1
475 244 4
438 390 2
272 425 10
451 244 1
38 272 2
98 74 6
8 272 7
33 244 2
360 390 4
495 338 8
441 33 9
246 438 9
57 451 3
400 38 6
219 272 10
408 38 5
242 360 6
107 400 9
121 242 4
210 400 8
384 57 6
155 441 9
41 400 10
481 400 7
18 107 7
335 18 7
355 481 5
115 18 2
58 41 5
216 107 4
105 41 1
381 18 4
430 41 7
69 381 8
373 216 6
277 58 1
133 481 4
149 373 9
372 216 7
306 133 2
222 149 5
117 277 5
21 117 10
228 69 7
132 117 6
64 373 8
220 216 9
364 277 9
16 372 2
177 430 3
266 21 3
86 16 7
423 132 4
261 228 5
307 222 6
143 228 1
432 21 7
440 16 4
490 143 4
152 307 8
135 21 10
26 266 8
189 364 2
3 64 3
460 440 6
280 490 2
494 261 3
294 135 3
175 307 10
172 460 2
122 432 7
486 440 6
14 143 9
402 26 1
161 152 8
436 460 4
407 432 2
489 294 2
426 189 3
412 152 3
10 486 10
284 280 9
194 294 10
140 122 9
11 486 10
324 161 8
262 175 7
81 402 3
230 402 10
61 81 5
369 122 5
363 489 5
118 324 9
249 363 2
195 14 1
164 412 4
146 363 8
241 363 4
344 249 3
345 369 6
156 412 4
447 369 9
500 230 7
128 164 10
474 500 5
343 344 6
353 241 7
328 500 8
268 262 7
296 474 3
208 296 2
124 230 3
225 156 1
465 128 7
23 363 1
139 345 2
457 195 6
468 195 8
376 500 9
283 128 8
386 241 5
97 268 10
371 343 1
452 328 4
477 283 6
434 156 3
303 225 6
439 303 2
158 376 9
259 376 1
476 376 6
116 208 5
417 465 3
237 376 10
480 465 9
336 439 5
270 457 1
198 371 6
226 237 4
378 158 7
29 259 9
331 386 8
59 270 7
151 439 5
181 336 4
339 417 4
184 29 2
340 184 4
482 417 1
350 331 5
446 184 8
383 350 1
174 339 4
180 59 1
51 151 9
293 476 7
351 259 9
418 116 3
337 331 6
299 237 7
422 181 5
256 226 9
245 180 2
271 422 8
169 446 1
129 339 1
37 293 5
484 181 1
85 422 1
411 340 9
173 340 9
15 350 1
160 129 4
333 37 5
397 293 10
295 411 5
370 129 5
153 169 3
1 245 5
342 160 1
42 337 3
224 411 7
144 37 9
455 418 4
22 351 6
258 144 10
96 411 7
112 484 1
204 299 2
232 397 8
479 1 2
499 204 9
265 271 6
167 85 8
31 129 7
492 411 5
394 411 4
166 167 10
387 96 3
171 22 2
395 370 3
291 232 3
13 42 9
255 42 3
443 22 6
466 342 9
71 387 6
93 22 1
297 291 3
233 166 4
188 479 2
292 171 3
36 233 9
319 36 8
47 395 2
352 499 10
77 71 3
78 319 9
354 387 10
388 171 5
235 352 3
7 78 2
385 204 10
199 354 4
471 291 4
312 471 7
320 166 9
309 395 4
60 235 5
134 235 1
483 292 5
75 171 3
247 77 4
260 395 4
53 483 8
163 395 9
253 291 5
209 53 9
317 292 9
170 352 9
453 209 5
231 53 4
120 260 4
236 260 6
48 36 7
211 48 4
49 233 2
404 7 9
276 53 3
82 309 10
20 170 4
498 253 9
223 236 10
288 483 2
348 312 7
289 75 6
66 320 3
349 388 2
359 349 8
275 498 6
358 231 4
72 120 7
44 66 8
45 82 10
316 45 1
420 358 8
30 20 8
207 30 6
463 20 7
234 45 7
17 358 9
54 30 9
162 236 5
251 317 7
68 20 10
250 317 4
368 44 2
421 223 4
201 20 3
126 82 10
136 207 4
52 421 3
458 68 8
322 211 2
433 322 9
87 289 2
40 17 4
327 40 9
19 368 10
330 72 2
456 201 1
365 330 4
332 359 8
367 421 1
431 68 3
287 332 6
366 433 6
285 207 7
437 327 9
347 44 10
450 463 4
315 126 2
213 332 8
454 162 5
185 19 8
182 367 6
217 458 10
46 322 1
248 330 9
62 126 10
375 421 3
473 46 7
88 126 10
403 450 4
165 315 4
243 330 7
192 330 8
12 19 7
79 332 5
305 126 5
269 315 5
103 431 3
56 285 6
178 285 4
313 126 5
227 285 9
267 450 10
63 365 7
9 367 3
70 87 5
50 243 2
92 213 9
281 285 6
202 403 5
409 202 5
95 12 5
274 79 9
6 62 7
304 473 4
308 367 4
487 165 2
318 103 1
239 366 2
131 62 7
32 88 5
470 403 5
427 454 9
282 192 4
91 103 7
113 165 1
310 56 1
130 182 6
478 304 5
461 131 5
83 50 2
298 46 10
459 63 8
391 409 5
393 391 7
138 70 6
448 9 4
200 391 2
187 282 1
488 313 9
278 56 3
325 50 2
392 12 2
493 95 5
159 325 10
154 63 1
190 318 4
179 392 5
469 187 2
137 9 3
361 325 10
101 113 10
183 310 3
301 200 2
464 409 8
414 159 4
497 6 10
257 91 8
314 318 10
410 278 10
273 298 2
419 461 3
102 469 3
84 314 8
125 102 7
221 137 3
110 318 8
485 461 9